5 3 4 12
5 4 3 12
10 6 8 24
10 8 6 24
13 5 12 30
13 12 5 30
15 9 12 36
15 12 9 36
17 8 15 40
17 15 8 40
20 12 16 48
20 16 12 48
25 7 24 56
25 15 20 60
25 20 15 60
25 24 7 56
26 10 24 60
26 24 10 60
29 20 21 70
29 21 20 70
30 18 24 72
30 24 18 72
34 16 30 80
34 30 16 80
35 21 28 84
35 28 21 84
37 12 35 84
37 35 12 84
39 15 36 90
39 36 15 90
40 24 32 96
40 32 24 96
41 9 40 90
41 40 9 90
45 27 36 108
45 36 27 108
50 14 48 112
50 30 40 120
50 40 30 120
50 48 14 112
51 24 45 120
51 45 24 120
52 20 48 120
52 48 20 120
53 28 45 126
53 45 28 126
55 33 44 132
55 44 33 132
58 40 42 140
58 42 40 140
60 36 48 144
60 48 36 144
61 11 60 132
61 60 11 132
65 16 63 144
65 25 60 150
65 33 56 154
65 39 52 156
65 52 39 156
65 56 33 154
65 60 25 150
65 63 16 144
68 32 60 160
68 60 32 160
70 42 56 168
70 56 42 168
73 48 55 176
73 55 48 176
74 24 70 168
74 70 24 168
75 21 72 168
75 45 60 180
75 60 45 180
75 72 21 168
78 30 72 180
78 72 30 180
80 48 64 192
80 64 48 192
82 18 80 180
82 80 18 180
85 13 84 182
85 36 77 198
85 40 75 200
85 51 68 204
85 68 51 204
85 75 40 200
85 77 36 198
85 84 13 182
87 60 63 210
87 63 60 210
89 39 80 208
89 80 39 208
90 54 72 216
90 72 54 216
91 35 84 210
91 84 35 210
95 57 76 228
95 76 57 228
97 65 72 234
97 72 65 234
100 28 96 224
100 60 80 240
100 80 60 240
100 96 28 224
101 20 99 220
101 99 20 220
102 48 90 240
102 90 48 240
104 40 96 240
104 96 40 240
105 63 84 252
105 84 63 252
106 56 90 252
106 90 56 252
109 60 91 260
109 91 60 260
110 66 88 264
110 88 66 264
111 36 105 252
111 105 36 252
113 15 112 240
113 112 15 240
115 69 92 276
115 92 69 276
116 80 84 280
116 84 80 280
117 45 108 270
117 108 45 270
119 56 105 280
119 105 56 280
120 72 96 288
120 96 72 288
122 22 120 264
122 120 22 264
123 27 120 270
123 120 27 270
125 35 120 280
125 44 117 286
125 75 100 300
125 100 75 300
125 117 44 286
125 120 35 280
130 32 126 288
130 50 120 300
130 66 112 308
130 78 104 312
130 104 78 312
130 112 66 308
130 120 50 300
130 126 32 288
135 81 108 324
135 108 81 324
136 64 120 320
136 120 64 320
137 88 105 330
137 105 88 330
140 84 112 336
140 112 84 336
143 55 132 330
143 132 55 330
145 17 144 306
145 24 143 312
145 87 116 348
145 100 105 350
145 105 100 350
145 116 87 348
145 143 24 312
145 144 17 306
146 96 110 352
146 110 96 352
148 48 140 336
148 140 48 336
149 51 140 340
149 140 51 340
150 42 144 336
150 90 120 360
150 120 90 360
150 144 42 336
153 72 135 360
153 135 72 360
155 93 124 372
155 124 93 372
156 60 144 360
156 144 60 360
157 85 132 374
157 132 85 374
159 84 135 378
159 135 84 378
160 96 128 384
160 128 96 384
164 36 160 360
164 160 36 360
165 99 132 396
165 132 99 396
169 65 156 390
169 119 120 408
169 120 119 408
169 156 65 390
170 26 168 364
170 72 154 396
170 80 150 400
170 102 136 408
170 136 102 408
170 150 80 400
170 154 72 396
170 168 26 364
173 52 165 390
173 165 52 390
174 120 126 420
174 126 120 420
175 49 168 392
175 105 140 420
175 140 105 420
175 168 49 392
178 78 160 416
178 160 78 416
180 108 144 432
180 144 108 432
181 19 180 380
181 180 19 380
182 70 168 420
182 168 70 420
183 33 180 396
183 180 33 396
185 57 176 418
185 60 175 420
185 104 153 442
185 111 148 444
185 148 111:q


 444
185 153 104 442
185 175 60 420
185 176 57 418
187 88 165 440
187 165 88 440
190 114 152 456
190 152 114 456
193 95 168 456
193 168 95 456
194 130 144 468
194 144 130 468
195 48 189 432
195 75 180 450
195 99 168 462
195 117 156 468
195 156 117 468
195 168 99 462
195 180 75 450
195 189 48 432
197 28 195 420
197 195 28 420
200 56 192 448
200 120 160 480
200 160 120 480
200 192 56 448
202 40 198 440
202 198 40 440
203 140 147 490
203 147 140 490
204 96 180 480
204 180 96 480
205 45 200 450
205 84 187 476
205 123 164 492
205 133 156 494
205 156 133 494
205 164 123 492
205 187 84 476
205 200 45 450
208 80 192 480
208 192 80 480
210 126 168 504
210 168 126 504
212 112 180 504
212 180 112 504
215 129 172 516
215 172 129 516
218 120 182 520
218 182 120 520
219 144 165 528
219 165 144 528
220 132 176 528
220 176 132 528
221 21 220 462
221 85 204 510
221 104 195 520
221 140 171 532
221 171 140 532
221 195 104 520
221 204 85 510
221 220 21 462
222 72 210 504
222 210 72 504
225 63 216 504
225 135 180 540
225 180 135 540
225 216 63 504
226 30 224 480
226 224 30 480
229 60 221 510
229 221 60 510
230 138 184 552
230 184 138 552
232 160 168 560
232 168 160 560
233 105 208 546
233 208 105 546
234 90 216 540
234 216 90 540
235 141 188 564
235 188 141 564
238 112 210 560
238 210 112 560
240 144 192 576
240 192 144 576
241 120 209 570
241 209 120 570
244 44 240 528
244 240 44 528
245 147 196 588
245 196 147 588
246 54 240 540
246 240 54 540
247 95 228 570
247 228 95 570
250 70 240 560
250 88 234 572
250 150 200 600
250 200 150 600
250 234 88 572
250 240 70 560
255 39 252 546
255 108 231 594
255 120 225 600
255 153 204 612
255 204 153 612
255 225 120 600
255 231 108 594
255 252 39 546
257 32 255 544
257 255 32 544
259 84 245 588
259 245 84 588
260 64 252 576
260 100 240 600
260 132 224 616
260 156 208 624
260 208 156 624
260 224 132 616
260 240 100 600
260 252 64 576
261 180 189 630
261 189 180 630
265 23 264 552
265 96 247 608
265 140 225 630
265 159 212 636
265 212 159 636
265 225 140 630
265 247 96 608
265 264 23 552
267 117 240 624
267 240 117 624
269 69 260 598
269 260 69 598
270 162 216 648
270 216 162 648
272 128 240 640
272 240 128 640
273 105 252 630
273 252 105 630
274 176 210 660
274 210 176 660
275 77 264 616
275 165 220 660
275 220 165 660
275 264 77 616
277 115 252 644
277 252 115 644
280 168 224 672
280 224 168 672
281 160 231 672
281 231 160 672
285 171 228 684
285 228 171 684
286 110 264 660
286 264 110 660
287 63 280 630
287 280 63 630
289 136 255 680
289 161 240 690
289 240 161 690
289 255 136 680
290 34 288 612
290 48 286 624
290 174 232 696
290 200 210 700
290 210 200 700
290 232 174 696
290 286 48 624
290 288 34 612
291 195 216 702
291 216 195 702
292 192 220 704
292 220 192 704
293 68 285 646
293 285 68 646
295 177 236 708
295 236 177 708
296 96 280 672
296 280 96 672
298 102 280 680
298 280 102 680
299 115 276 690
299 276 115 690
300 84 288 672
300 180 240 720
300 240 180 720
300 288 84 672
303 60 297 660
303 297 60 660
305 55 300 660
305 136 273 714
305 183 244 732
305 207 224 736
305 224 207 736
305 244 183 732
305 273 136 714
305 300 55 660
306 144 270 720
306 270 144 720
310 186 248 744
310 248 186 744
312 120 288 720
312 288 120 720
313 25 312 650
313 312 25 650
314 170 264 748
314 264 170 748
315 189 252 756
315 252 189 756
317 75 308 700
317 308 75 700
318 168 270 756
318 270 168 756
319 220 231 770
319 231 220 770
320 192 256 768
320 256 192 768
323 152 285 760
323 285 152 760
325 36 323 684
325 80 315 720
325 91 312 728
325 125 300 750
325 165 280 770
325 195 260 780
325 204 253 782
325 253 204 782
325 260 195 780
325 280 165 770
325 300 125 750
325 312 91 728
325 315 80 720
325 323 36 684
327 180 273 780
327 273 180 780
328 72 320 720
328 320 72 720
330 198 264 792
330 264 198 792
333 108 315 756
333 315 108 756
335 201 268 804
335 268 201 804
337 175 288 800
337 288 175 800
338 130 312 780
338 238 240 816
338 240 238 816
338 312 130 780
339 45 336 720
339 336 45 720
340 52 336 728
340 144 308 792
340 160 300 800
340 204 272 816
340 272 204 816
340 300 160 800
340 308 144 792
340 336 52 728
345 207 276 828
345 276 207 828
346 104 330 780
346 330 104 780
348 240 252 840
348 252 240 840
349 180 299 828
349 299 180 828
350 98 336 784
350 210 280 840
350 280 210 840
350 336 98 784
351 135 324 810
351 324 135 810
353 225 272 850
353 272 225 850
355 213 284 852
355 284 213 852
356 156 320 832
356 320 156 832
357 168 315 840
357 315 168 840
360 216 288 864
360 288 216 864
362 38 360 760
362 360 38 760
364 140 336 840
364 336 140 840
365 27 364 756
365 76 357 798
365 219 292 876
365 240 275 880
365 275 240 880
365 292 219 876
365 357 76 798
365 364 27 756
366 66 360 792
366 360 66 792
369 81 360 810
369 360 81 810
370 114 352 836
370 120 350 840
370 208 306 884
370 222 296 888
370 296 222 888
370 306 208 884
370 350 120 840
370 352 114 836
371 196 315 882
371 315 196 882
373 252 275 900
373 275 252 900
374 176 330 880
374 330 176 880
375 105 360 840
375 132 351 858
375 225 300 900
375 300 225 900
375 351 132 858
375 360 105 840
377 135 352 864
377 145 348 870
377 152 345 874
377 260 273 910
377 273 260 910
377 345 152 874
377 348 145 870
377 352 135 864
380 228 304 912
380 304 228 912
385 231 308 924
385 308 231 924
386 190 336 912
386 336 190 912
388 260 288 936
388 288 260 936
389 189 340 918
389 340 189 918
390 96 378 864
390 150 360 900
390 198 336 924
390 234 312 936
390 312 234 936
390 336 198 924
390 360 150 900
390 378 96 864
391 184 345 920
391 345 184 920
394 56 390 840
394 390 56 840
395 237 316 948
395 316 237 948
397 228 325 950
397 325 228 950
400 112 384 896
400 240 320 960
400 320 240 960
400 384 112 896
401 40 399 840
401 399 40 840
403 155 372 930
403 372 155 930
404 80 396 880
404 396 80 880
405 243 324 972
405 324 243 972
406 280 294 980
406 294 280 980
407 132 385 924
407 385 132 924
408 192 360 960
408 360 192 960
409 120 391 920
409 391 120 920
410 90 400 900
410 168 374 952
410 246 328 984
410 266 312 988
410 312 266 988
410 328 246 984
410 374 168 952
410 400 90 900
411 264 315 990
411 315 264 990
415 249 332 996
415 332 249 996
416 160 384 960
416 384 160 960
421 29 420 870
421 420 29 870
425 65 420 910
425 87 416 928
425 119 408 952
425 180 385 990
425 200 375 1000
425 375 200 1000
425 385 180 990
425 408 119 952
425 416 87 928
425 420 65 910
427 77 420 924
427 420 77 924
429 165 396 990
429 396 165 990
433 145 408 986
433 408 145 986
435 51 432 918
435 72 429 936
435 429 72 936
435 432 51 918
442 42 440 924
442 440 42 924
445 84 437 966
445 437 84 966
451 99 440 990
451 440 99 990
452 60 448 960
452 448 60 960
481 31 480 992
481 480 31 992
